<?xml version="1.0"?>
<opencv_storage>
<rotationMatrixCommon type_id="opencv-matrix">
  <rows>3</rows>
  <cols>3</cols>
  <dt>d</dt>
  <data>
    9.9995932650187114e-01 -9.0115195387392502e-03
    -3.7129170092015627e-04 9.0135696092108752e-03
    9.9994167726833116e-01 5.9495902965305417e-03 3.1765519696921873e-04
    -5.9526949694723155e-03 9.9998223210103898e-01</data></rotationMatrixCommon>
<translationVector type_id="opencv-matrix">
  <rows>3</rows>
  <cols>1</cols>
  <dt>d</dt>
  <data>
    1.9085143874532257e+01 2.9721752555649200e-01
    -1.7373103039901541e-01</data></translationVector>
<essentialMatrix type_id="opencv-matrix">
  <rows>3</rows>
  <cols>3</cols>
  <dt>d</dt>
  <data>
    1.6603494274048075e-03 1.7195165266152776e-01 2.9824587307819672e-01
    -1.7978645928692596e-01 1.1517362050850957e-01
    -1.9084740266734457e+01 -1.2518016386512137e-01
    1.9086709158346007e+01 1.1365914120441357e-01</data></essentialMatrix>
<fundamentalMatrix type_id="opencv-matrix">
  <rows>3</rows>
  <cols>3</cols>
  <dt>d</dt>
  <data>
    -5.4964275308442647e-08 -5.6721567440708275e-06
    -3.3728383401363795e-03 5.9261401224832267e-06
    -3.7829344463930034e-06 2.7823314400903076e-01
    8.3054075392550867e-04 -2.7423035590281380e-01 1.</data></fundamentalMatrix>
</opencv_storage>
