<?xml version="1.0"?>
<opencv_storage>
<cameraMatrixLeft type_id="opencv-matrix">
  <rows>3</rows>
  <cols>3</cols>
  <dt>d</dt>
  <data>
    4.4419790598800120e+02 0. 3.1450338079902417e+02 0.
    4.4577493678174011e+02 1.7550729904829510e+02 0. 0. 1.</data></cameraMatrixLeft>
<cameraMatrixRight type_id="opencv-matrix">
  <rows>3</rows>
  <cols>3</cols>
  <dt>d</dt>
  <data>
    4.3938900030200898e+02 0. 3.1224311117286265e+02 0.
    4.4128102526454728e+02 1.6999867578085897e+02 0. 0. 1.</data></cameraMatrixRight>
<optimalCameraMatrixLeft type_id="opencv-matrix">
  <rows>3</rows>
  <cols>3</cols>
  <dt>d</dt>
  <data>
    4.4455319213867188e+02 0. 3.1614177260767428e+02 0.
    4.4875259399414062e+02 1.7527825435845443e+02 0. 0. 1.</data></optimalCameraMatrixLeft>
<optimalCameraMatrixRight type_id="opencv-matrix">
  <rows>3</rows>
  <cols>3</cols>
  <dt>d</dt>
  <data>
    4.3640164184570312e+02 0. 3.1321872624841853e+02 0.
    4.4402963256835938e+02 1.6924910971899499e+02 0. 0. 1.</data></optimalCameraMatrixRight>
<distortionCoeffsLeft type_id="opencv-matrix">
  <rows>1</rows>
  <cols>14</cols>
  <dt>d</dt>
  <data>
    1.0751867692780472e-01 -3.9789228977742186e-01
    1.1715867004951212e-03 2.5447179785826426e-03 3.5534335344725437e-01
    0. 0. 0. 0. 0. 0. 0. 0. 0.</data></distortionCoeffsLeft>
<distortionCoeffsRight type_id="opencv-matrix">
  <rows>1</rows>
  <cols>14</cols>
  <dt>d</dt>
  <data>
    1.2118125925825321e-01 -4.7196970066999994e-01
    -1.0597040304466193e-03 1.2867222101694449e-03
    4.0797794909166168e-01 0. 0. 0. 0. 0. 0. 0. 0. 0.</data></distortionCoeffsRight>
</opencv_storage>
