<?xml version="1.0"?>
<opencv_storage>
<rotationMatrixCommon type_id="opencv-matrix">
  <rows>3</rows>
  <cols>3</cols>
  <dt>d</dt>
  <data>
    9.9978755093980654e-01 -1.2839904966620023e-02
    -1.6124200018351489e-02 1.2927726826136805e-02
    9.9990209834120980e-01 5.3542144105629521e-03 1.6053873828220478e-02
    -5.5615261658706295e-03 9.9985566086401390e-01</data></rotationMatrixCommon>
<translationVector type_id="opencv-matrix">
  <rows>3</rows>
  <cols>1</cols>
  <dt>d</dt>
  <data>
    -9.0762444278444665e+00 -3.8845655483653825e-02
    2.4544442076477666e+00</data></translationVector>
<essentialMatrix type_id="opencv-matrix">
  <rows>3</rows>
  <cols>3</cols>
  <dt>d</dt>
  <data>
    -3.2354007478373227e-02 -2.4539878723590274e+00
    -5.1981669081814938e-02 2.5996316461612587e+00
    -8.1992601245362812e-02 9.0353584212277553e+00
    -7.8497805809765883e-02 -9.0758546229841706e+00
    -4.9222513828218947e-02</data></essentialMatrix>
<fundamentalMatrix type_id="opencv-matrix">
  <rows>3</rows>
  <cols>3</cols>
  <dt>d</dt>
  <data>
    -9.0829045938078140e-07 -6.8577693393346190e-05
    1.1628091264887855e-02 7.2648417480902780e-05
    -2.2808818986761058e-06 9.1748929490154424e-02
    -1.3075381534080156e-02 -9.3639693051152634e-02 1.</data></fundamentalMatrix>
</opencv_storage>
