<?xml version="1.0"?>
<opencv_storage>
<cameraMatrixLeft type_id="opencv-matrix">
  <rows>3</rows>
  <cols>3</cols>
  <dt>d</dt>
  <data>
    4.6473947643035899e+02 0. 3.1279314335609683e+02 0.
    4.6689193999758680e+02 1.7209209533156525e+02 0. 0. 1.</data></cameraMatrixLeft>
<cameraMatrixRight type_id="opencv-matrix">
  <rows>3</rows>
  <cols>3</cols>
  <dt>d</dt>
  <data>
    4.6372532795977168e+02 0. 3.1665939784389866e+02 0.
    4.6587768145377828e+02 1.7647440218220299e+02 0. 0. 1.</data></cameraMatrixRight>
<optimalCameraMatrixLeft type_id="opencv-matrix">
  <rows>3</rows>
  <cols>3</cols>
  <dt>d</dt>
  <data>
    4.7883074951171875e+02 0. 3.1499200034682508e+02 0.
    4.8265362548828125e+02 1.7166436738426273e+02 0. 0. 1.</data></optimalCameraMatrixLeft>
<optimalCameraMatrixRight type_id="opencv-matrix">
  <rows>3</rows>
  <cols>3</cols>
  <dt>d</dt>
  <data>
    4.8197430419921875e+02 0. 3.1815964738893308e+02 0.
    4.8485775756835938e+02 1.7653089068822192e+02 0. 0. 1.</data></optimalCameraMatrixRight>
<distortionCoeffsLeft type_id="opencv-matrix">
  <rows>1</rows>
  <cols>14</cols>
  <dt>d</dt>
  <data>
    1.9538144824450779e-01 -5.3056470962780067e-01
    -2.9145622926839479e-04 3.4682919102697178e-03
    4.9028284741749151e-01 0. 0. 0. 0. 0. 0. 0. 0. 0.</data></distortionCoeffsLeft>
<distortionCoeffsRight type_id="opencv-matrix">
  <rows>1</rows>
  <cols>14</cols>
  <dt>d</dt>
  <data>
    2.1062229135132171e-01 -7.1256580059417607e-01
    1.0908704378655709e-03 2.7103368883483600e-03 8.0557400958610170e-01
    0. 0. 0. 0. 0. 0. 0. 0. 0.</data></distortionCoeffsRight>
</opencv_storage>
